place(69.110, 148.605, 75.441, "Electroshocker", 1500)
place(41.917, 148.605, 82.607, "Electroshocker", 775)
place(63.137, 148.605, 80.493, "Electroshocker", 740)
place(40.409, 148.605, 79.960, "Electroshocker", 1029)
upgrade(40.409, 149.955, 79.960, 345)
upgrade(63.137, 149.955, 80.493, 1369)
upgrade(63.137, 149.955, 80.493, 1069)
upgrade(41.917, 149.955, 82.607, 469)
upgrade(41.917, 149.955, 82.607, 2086)
upgrade(69.110, 149.955, 75.441, 1783)
upgrade(69.110, 149.955, 75.441, 1483)
upgrade(40.409, 149.955, 79.960, 1552)
upgrade(63.137, 149.955, 80.493, 3636)
upgrade(41.917, 149.955, 82.607, 2756)
upgrade(40.409, 149.955, 79.960, 3602)
upgrade(63.137, 149.955, 80.493, 6970)
upgrade(41.917, 149.955, 82.607, 7864)
upgrade(69.110, 149.955, 75.441, 5767)
upgrade(69.110, 149.955, 75.441, 8390)
upgrade(40.409, 149.955, 79.960, 5317)
place(59.772, 148.605, 71.705, "Commander", 7064)
place(59.060, 148.605, 68.664, "Commander", 6899)
place(58.952, 148.605, 65.539, "Commander", 7265)
upgrade(58.952, 150.805, 65.539, 6415)
upgrade(58.952, 150.805, 65.539, 6115)
upgrade(59.060, 150.805, 68.664, 3717)
upgrade(59.060, 150.805, 68.664, 3448)
upgrade(59.772, 150.805, 71.705, 1572)
upgrade(59.772, 150.805, 71.705, 1377)
CommanderAbility(58.952, 150.805, 65.539, 1730)
upgrade(59.772, 150.805, 71.705, 3631)
place(51.868, 156.685, 69.021, "Ranger", 8220)
place(57.799, 156.685, 68.967, "Ranger", 13462)
place(55.008, 156.685, 68.982, "Ranger", 10476)
place(54.831, 156.685, 68.514, "Ranger", 12138)
place(57.796, 156.685, 65.907, "Ranger", 21507)
place(51.814, 156.685, 65.979, "Ranger", 19867)
place(54.795, 156.685, 65.366, "Ranger", 17932)
place(56.745, 156.685, 63.024, "Ranger", 14019)
upgrade(57.802, 158.683, 69.103, 18407)
upgrade(57.802, 158.683, 69.103, 17175)
upgrade(57.802, 158.683, 69.103, 13239)
CommanderAbility(58.952, 150.805, 65.539, 3057)
upgrade(54.898, 158.683, 68.632, 10066)
upgrade(54.898, 158.683, 68.632, 8769)
upgrade(51.954, 158.683, 69.125, 4599)
upgrade(51.954, 158.683, 69.125, 3437)
upgrade(57.707, 158.683, 66.010, 4016)
upgrade(57.707, 158.683, 66.010, 2726)
upgrade(54.722, 158.683, 65.480, 2925)
upgrade(51.760, 158.683, 66.103, 2554)
upgrade(56.771, 158.683, 63.157, 1794)
upgrade(56.771, 158.683, 63.157, 8917)
upgrade(54.821, 158.683, 65.499, 4687)
CommanderAbility(59.772, 150.805, 71.705, 3424)
CommanderAbility(58.952, 150.805, 65.539, 20282)
upgrade(57.688, 158.683, 69.045, 26060)
upgrade(54.857, 158.683, 68.647, 12250)
CommanderAbility(59.060, 150.805, 68.664, 2237)
CommanderAbility(58.952, 150.805, 65.539, 8797)
CommanderAbility(59.772, 150.805, 71.705, 14340)
upgrade(54.865, 158.683, 68.645, 27267)
upgrade(51.907, 158.683, 66.077, 4399)
CommanderAbility(58.952, 150.805, 65.539, 574)
CommanderAbility(59.060, 150.805, 68.664, 9069)
CommanderAbility(59.772, 150.805, 71.705, 15699)
upgrade(56.766, 158.683, 62.890, 16935)
upgrade(57.802, 158.683, 65.772, 16708)
upgrade(57.802, 158.683, 65.772, 12883)
CommanderAbility(58.952, 150.805, 65.539, 2339)
upgrade(51.932, 158.683, 69.140, 6884)
CommanderAbility(59.060, 150.805, 68.664, 12603)
upgrade(51.795, 158.683, 69.135, 29141)
CommanderAbility(58.952, 150.805, 65.539, 21816)
upgrade(51.909, 158.683, 69.150, 26899)
CommanderAbility(59.060, 150.805, 68.664, 3077)
CommanderAbility(59.772, 150.805, 71.705, 13352)
upgrade(57.809, 158.683, 66.042, 35425)
upgrade(54.831, 158.683, 65.496, 14729)
CommanderAbility(58.952, 150.805, 65.539, 9979)
upgrade(51.838, 158.683, 66.112, 27997)
CommanderAbility(59.060, 150.805, 68.664, 22487)
upgrade(54.839, 158.683, 65.494, 28774)
upgrade(51.747, 158.683, 66.097, 30803)
CommanderAbility(58.952, 150.805, 65.539, 13854)
upgrade(56.774, 158.683, 63.156, 30178)
CommanderAbility(59.060, 150.805, 68.664, 6363)
upgrade(59.772, 150.805, 71.705, 14506)
upgrade(59.772, 150.805, 71.705, 9832)
upgrade(59.772, 150.805, 71.705, 16141)
upgrade(59.060, 150.805, 68.664, 6340)
upgrade(59.060, 150.805, 68.664, 16507)
upgrade(58.952, 150.805, 65.539, 5193)
CommanderAbility(58.952, 150.805, 65.539, 8506)
upgrade(58.952, 150.805, 65.539, 15086)
place(57.214, 148.605, 58.193, "Turret", 19142)
place(53.169, 148.605, 58.086, "Turret", 22315)
place(48.995, 148.605, 58.043, "Turret", 17315)
upgrade(57.214, 149.555, 58.193, 14337)
upgrade(57.214, 149.555, 58.193, 13181)
CommanderAbility(59.772, 150.805, 71.705, 10908)
upgrade(57.214, 149.555, 58.193, 14391)
CommanderAbility(58.952, 150.805, 65.539, 1149)
upgrade(53.169, 149.555, 58.086, 3772)
SupportCaravanAbility(58.952, 150.805, 65.539, 3339)
SupportCaravanAbility(59.060, 150.805, 68.664, 1489)
SupportCaravanAbility(59.060, 150.805, 68.664, 1489)
SupportCaravanAbility(59.060, 150.805, 68.664, 1489)
SupportCaravanAbility(59.060, 150.805, 68.664, 1489)
SupportCaravanAbility(59.060, 150.805, 68.664, 1489)
SupportCaravanAbility(59.060, 150.805, 68.664, 1489)
CommanderAbility(59.060, 150.805, 68.664, 4297)
CommanderAbility(59.060, 150.805, 68.664, 5539)
CommanderAbility(59.772, 150.805, 71.705, 8314)
upgrade(53.169, 149.555, 58.086, 22549)
upgrade(53.169, 149.555, 58.086, 15843)
upgrade(48.995, 149.555, 58.043, 11161)
upgrade(48.995, 149.555, 58.043, 10005)
CommanderAbility(58.952, 150.805, 65.539, 9316)
upgrade(48.995, 149.555, 58.043, 31708)
upgrade(57.214, 149.555, 58.193, 41482)
place(41.488, 148.605, 49.806, "Commander", 51596)
upgrade(41.488, 150.805, 49.806, 50746)
upgrade(41.488, 150.805, 49.806, 50446)
upgrade(41.488, 150.805, 49.806, 47946)
upgrade(41.488, 150.805, 49.806, 44257)
upgrade(48.995, 149.555, 58.043, 29378)
CommanderAbility(41.488, 150.805, 49.806, 13881)
SupportCaravanAbility(41.488, 150.805, 49.806, 18923)
SupportCaravanAbility(58.952, 150.805, 65.539, 17234)
SupportCaravanAbility(59.060, 150.805, 68.664, 15534)
SupportCaravanAbility(59.772, 150.805, 71.705, 14573)
upgrade(53.169, 149.555, 58.086, 29270)
CommanderAbility(58.952, 150.805, 65.539, 27753)
upgrade(57.214, 149.555, 58.193, 3895)
CommanderAbility(41.488, 150.805, 49.806, 4085)
CommanderAbility(59.060, 150.805, 68.664, 4687)
CommanderAbility(58.952, 150.805, 65.539, 19399)
upgrade(53.169, 149.555, 58.086, 49397)
CommanderAbility(59.060, 150.805, 68.664, 27847)
upgrade(48.995, 149.555, 58.043, 53582)
place(47.254, 148.605, 65.701, "Minigunner", 53437)
place(41.949, 148.605, 69.894, "Minigunner", 54607)
place(47.429, 148.605, 61.330, "Minigunner", 69344)
place(44.440, 148.605, 64.429, "Minigunner", 73524)
place(44.508, 148.605, 64.167, "Minigunner", 101372)
place(44.224, 148.605, 64.964, "Minigunner", 101431)
upgrade(44.224, 149.955, 64.964, 112931)
upgrade(44.224, 149.955, 64.964, 113135)
upgrade(44.224, 149.955, 64.964, 111898)
upgrade(44.224, 149.955, 64.964, 106612)
upgrade(44.224, 149.955, 64.964, 92010)
upgrade(41.949, 149.955, 69.894, 91966)
upgrade(41.949, 149.955, 69.894, 91632)
upgrade(41.949, 149.955, 69.894, 90353)
upgrade(41.949, 149.955, 69.894, 84504)
upgrade(41.949, 149.955, 69.894, 69644)
upgrade(47.254, 149.955, 65.701, 69819)
upgrade(47.254, 149.955, 65.701, 75213)
upgrade(47.254, 149.955, 65.701, 75504)
upgrade(47.254, 149.955, 65.701, 65254)
upgrade(47.429, 149.955, 61.330, 58364)
upgrade(47.429, 149.955, 61.330, 58037)
upgrade(47.429, 149.955, 61.330, 56770)
upgrade(47.429, 149.955, 61.330, 50838)
upgrade(47.429, 149.955, 61.330, 37028)
CommanderAbility(58.952, 150.805, 65.539, 41619)
SupportCaravanAbility(58.952, 150.805, 65.539, 47610)
SupportCaravanAbility(59.060, 150.805, 68.664, 47939)
SupportCaravanAbility(59.772, 150.805, 71.705, 46906)
SupportCaravanAbility(59.772, 150.805, 71.705, 45221)
SupportCaravanAbility(41.488, 150.805, 49.806, 43222)
SupportCaravanAbility(41.488, 150.805, 49.806, 43222)
place(54.438, 148.605, 85.862, "Minigunner", 51334)
place(57.852, 148.605, 85.985, "Minigunner", 50597)
place(54.464, 148.605, 82.707, "Minigunner", 48747)
place(58.028, 148.605, 82.909, "Minigunner", 49086)
place(54.477, 148.605, 79.678, "Minigunner", 47236)
place(57.895, 148.605, 79.659, "Minigunner", 45969)
place(54.663, 148.605, 76.390, "Minigunner", 46218)
place(57.989, 148.605, 76.447, "Minigunner", 45418)
place(61.349, 148.605, 75.890, "Minigunner", 47438)
place(61.292, 148.605, 75.504, "Minigunner", 63530)
upgrade(57.852, 149.955, 85.985, 75906)
upgrade(57.852, 149.955, 85.985, 75906)
upgrade(57.852, 149.955, 85.985, 74491)
upgrade(57.852, 149.955, 85.985, 68291)
upgrade(57.852, 149.955, 85.985, 68291)
upgrade(54.438, 149.955, 85.862, 51863)
upgrade(54.438, 149.955, 85.862, 50157)
upgrade(54.438, 149.955, 85.862, 50113)
upgrade(54.438, 149.955, 85.862, 44599)
upgrade(54.438, 149.955, 85.862, 27603)
upgrade(54.464, 149.955, 82.707, 27451)
upgrade(54.464, 149.955, 82.707, 28711)
upgrade(54.464, 149.955, 82.707, 24128)
upgrade(54.464, 149.955, 82.707, 22702)
upgrade(54.464, 149.955, 82.707, 7162)
upgrade(58.028, 149.955, 82.909, 9617)
upgrade(58.028, 149.955, 82.909, 9255)
upgrade(58.028, 149.955, 82.909, 3566)
upgrade(54.477, 149.955, 79.678, 2692)
upgrade(54.477, 149.955, 79.678, 2330)
upgrade(57.895, 149.955, 79.659, 942)
upgrade(57.895, 149.955, 79.659, 572)
upgrade(54.663, 149.955, 76.390, 572)
upgrade(54.663, 149.955, 76.390, 202)
upgrade(57.989, 149.955, 76.447, 1546)
upgrade(57.989, 149.955, 76.447, 1197)
CommanderAbility(59.772, 150.805, 71.705, 5456)
upgrade(58.028, 149.955, 82.909, 17383)
upgrade(54.477, 149.955, 79.678, 7257)
upgrade(57.895, 149.955, 79.659, 2179)
upgrade(57.989, 149.955, 76.447, 2011)
upgrade(54.663, 149.955, 76.390, 7252)
SupportCaravanAbility(59.772, 150.805, 71.705, 8241)
CommanderAbility(59.060, 150.805, 68.664, 7249)
CommanderAbility(58.952, 150.805, 65.539, 8338)
upgrade(57.989, 149.955, 76.447, 19997)
upgrade(57.989, 149.955, 76.447, 17388)
upgrade(54.663, 149.955, 76.390, 9502)
CommanderAbility(59.772, 150.805, 71.705, 14073)
upgrade(57.895, 149.955, 79.659, 22759)
upgrade(57.895, 149.955, 79.659, 19329)
CommanderAbility(59.060, 150.805, 68.664, 42518)
CommanderAbility(58.952, 150.805, 65.539, 42518)
CommanderAbility(59.772, 150.805, 71.705, 103084)
upgrade(54.477, 149.955, 79.678, 150483)
